0.000000000000000000e+00,1.000000000000000000e+00,0.000000000000000000e+00
4.526047713568780440e-01,9.989180719295627231e-01,2.226835251934344839e-03
5.261975206921088999e-01,9.979107595881211434e-01,9.624457444800893491e-03
5.593048949477548160e-01,9.964930607372034510e-01,2.189092281562554643e-02
5.821879330362158544e-01,9.954484405312640227e-01,3.793168522362710959e-02
5.983296505748848526e-01,9.938442023578570872e-01,5.846386110586898610e-02
6.122242612636230596e-01,9.918668855394716655e-01,8.824306472919418720e-02
6.226733081158009053e-01,9.884345620056708137e-01,1.193810152859029472e-01
6.325605782554960532e-01,9.849649306073720023e-01,1.538780902056992028e-01
6.428223662035129626e-01,9.809729891061035323e-01,1.907529722589167420e-01
6.523725703157184919e-01,9.763095060438740092e-01,2.283072277788261717e-01
6.595633122354968014e-01,9.711610207431726760e-01,2.675976599358369512e-01
6.681023182652334746e-01,9.646321444560513880e-01,3.056425740705793759e-01
6.752930601850117842e-01,9.581405760334278376e-01,3.426684280052839648e-01
6.818096700498108564e-01,9.507909267273541021e-01,3.783732779769768406e-01
6.880641174487847067e-01,9.431801223697955372e-01,4.132100396301189305e-01
6.944683719710872394e-01,9.352335472317564458e-01,4.445367050386865859e-01
7.006104640275645501e-01,9.266900462617519985e-01,4.769579165880354354e-01
7.066776525223774641e-01,9.178480823757647622e-01,5.068503491224759516e-01
7.127073892363582353e-01,9.098268915087300845e-01,5.360634081902245773e-01
7.188494812928354349e-01,9.022907028801671059e-01,5.617663710133987687e-01
7.237182128010186677e-01,8.946425906581106924e-01,5.855444423476128257e-01
7.290738174600202015e-01,8.863975526040889230e-01,6.109832043781845412e-01
7.343170667765253068e-01,8.785629010595433774e-01,6.324589545197207840e-01
7.398224785588554120e-01,8.710267124309803988e-01,6.544631062464616456e-01
7.452155349986891997e-01,8.628189822414564780e-01,6.730703906397432768e-01
7.515448859593273356e-01,8.547604835099238407e-01,6.910360445367049742e-01
7.573124602074828848e-01,8.472242948813609731e-01,7.073032647669371675e-01
7.622186434964982604e-01,8.385688703178629799e-01,7.214191356859784854e-01
7.677240552788284766e-01,8.309953738248022637e-01,7.359501792791092178e-01
7.734167259653196291e-01,8.222280256678107246e-01,7.503679939611247462e-01
7.787723306243211630e-01,8.140949112072825011e-01,7.629364030949236097e-01
7.840904835024905539e-01,8.051783315922996787e-01,7.764106435176447718e-01
7.899329613123103888e-01,7.964109834353081396e-01,7.889035667107001659e-01
7.960376015879555567e-01,7.875690195493210144e-01,8.006793734666918239e-01
8.014681098086213762e-01,7.786524399343381919e-01,8.117380637856199677e-01
8.072356840567769254e-01,7.694747052678704291e-01,8.222683525193432708e-01
8.128909029624358240e-01,7.602223548724070801e-01,8.312889224381958542e-01
8.187708325530879128e-01,7.508207730189524476e-01,8.404604642385355984e-01
8.248380210479008268e-01,7.420907327264587572e-01,8.501981505944518069e-01
8.299689150219092815e-01,7.330995373824802375e-01,8.586148329873560803e-01
8.350623572150855933e-01,7.233248768840471188e-01,8.671070013210039340e-01
8.404554136549192700e-01,7.141844500820773156e-01,8.749952821287034777e-01
8.448747237931163445e-01,7.049320996866139666e-01,8.826193621438007675e-01
8.501179731096213388e-01,6.964259065811072569e-01,8.888469522551425417e-01
8.546870903711472067e-01,6.866139382181764006e-01,8.956029439516890456e-01
8.600426950301487405e-01,6.771377406357259598e-01,9.017927910926589741e-01
8.652110407849893381e-01,6.683703924787345318e-01,9.079071522928854332e-01
8.709037114714804906e-01,6.590434263542754856e-01,9.136063408190224777e-01
8.756600876371671838e-01,6.500895388747948145e-01,9.190413285525570464e-01
8.803790120220216231e-01,6.418818086852708937e-01,9.237591998490281009e-01
8.850604846260439196e-01,6.322936875093270181e-01,9.290432157010757308e-01
8.898543125725628666e-01,6.224444112818982022e-01,9.335723721456878899e-01
8.941987191490955444e-01,6.134159080734218339e-01,9.388186450273636741e-01
8.982435114789708575e-01,6.047231756454261031e-01,9.423664842423098431e-01
9.026253698363356781e-01,5.954335173854649055e-01,9.461030383091149076e-01
9.069323246320362131e-01,5.860692433965080106e-01,9.493866767314587118e-01
9.104153402494288283e-01,5.780107446649753733e-01,9.531609737686356221e-01
9.137110969626606183e-01,5.687583942695120243e-01,9.560294395168900117e-01
9.172315643608853764e-01,5.586106551261005304e-01,9.593130779392338159e-01
9.207520317591101344e-01,5.492463811371437465e-01,9.626722023023212005e-01
9.234485599790269728e-01,5.401059543351738323e-01,9.654274391394602750e-01
9.271562862814126671e-01,5.296224444112819230e-01,9.675787884506510395e-01
9.303022358713156637e-01,5.199223996418445015e-01,9.702585393470466446e-01
9.334856372420508031e-01,5.102969706014027773e-01,9.728250613323268237e-01
9.365566832702895139e-01,5.011938516639307117e-01,9.747499528212870690e-01
9.397775364218569072e-01,4.914191911654977041e-01,9.772409888658237787e-01
9.431856484775851257e-01,4.830249216534845402e-01,9.787129647103226526e-01
9.455451106700123454e-01,4.737725712580211912e-01,9.803359124363086874e-01
9.485412531365866595e-01,4.647067601850470298e-01,9.820343461030383025e-01
9.509381671098460220e-01,4.551186390091030987e-01,9.834685789771655529e-01
9.538219542339237966e-01,4.444485897627220017e-01,9.848273259105491118e-01
9.564061271113440954e-01,4.325473809879122333e-01,9.862993017550480968e-01
9.586157821804426327e-01,4.212430980450678764e-01,9.876203057180600320e-01
9.607505336878768842e-01,4.110580510371586449e-01,9.883374221551236571e-01
9.629976405378075643e-01,4.000895388747948145e-01,9.894697112662766969e-01
9.655818134152278631e-01,3.896806446798985468e-01,9.906397433478014714e-01
9.684281487584734949e-01,3.791598268915087333e-01,9.916965465182109307e-01
9.703756413617466992e-01,3.681540068646470543e-01,9.925268918663898710e-01
9.724729410883488079e-01,3.562154902253394928e-01,9.932062653330817614e-01
9.746076925957829484e-01,3.439785106700492534e-01,9.942630685034912208e-01
9.762181191715666451e-01,3.318534547082525044e-01,9.948669560294395309e-01
9.782779671173363889e-01,3.193180122369795315e-01,9.955463294961313103e-01
9.800007490356166251e-01,3.059991046112520707e-01,9.959615021702208359e-01
9.814988202689037822e-01,2.947321295329055624e-01,9.965653896961690350e-01
9.831466986255196217e-01,2.823459185196239285e-01,9.970560483110020300e-01
9.850192876671285402e-01,2.689897030293986191e-01,9.975089639554632903e-01
9.868918767087374588e-01,2.565661841516191366e-01,9.979241366295527049e-01
9.877158158870453786e-01,2.429115057454111215e-01,9.983393093036422306e-01
9.894760495861578686e-01,2.295925981196836330e-01,9.984902811851292803e-01
9.908243136961162323e-01,2.161617669004626263e-01,9.986789960369880648e-01
9.917980599977529454e-01,2.011266975078346564e-01,9.988299679184752256e-01
9.931088723268791663e-01,1.862408595731980254e-01,9.991319116814493251e-01
9.940826186285157684e-01,1.709446351290851984e-01,9.992828835629363748e-01
9.952810756151454497e-01,1.520295478286822766e-01,9.995470843555387397e-01
9.964046290401108452e-01,1.308759886584091869e-01,9.997735421777693698e-01
9.972285682184187650e-01,1.080808834502313132e-01,9.998867710888846849e-01
9.983146698625520177e-01,8.259961199820922695e-02,9.999245140592564196e-01
9.992509643833564770e-01,5.297716758692732480e-02,9.999622570296282653e-01
9.999625482191678572e-01,1.843008506193105633e-02,1.000000000000000000e+00
