1_2:
10 0.906266611683
11 0.90763840751
12 0.913166497992
13 0.913341580596
14 0.912709694273
15 0.913056814184
16 0.921301380667
17 0.921395031078
18 0.921451341488
19 0.921602867224
20 0.923361526925
21 0.923710439503
22 0.923260758245
23 0.923484615911
24 0.926725728431
25 0.926980546972
26 0.927217444436
27 0.927225132083
28 0.9284040919
29 0.928624016319
30 0.931548545039
31 0.932046819717
32 0.935914798954
33 0.93589125466
34 0.93603835462
35 0.936583522269
36 0.936527642212
37 0.936621680358
38 0.93905084696
39 0.938973250207
40 0.938839090841
41 0.940019516368
42 0.940292136522
43 0.940672199301
44 0.940670886588
45 0.941292355744
46 0.942037182157
47 0.941868081861
48 0.941830224181
49 0.942558183041
50 0.942676325077
51 0.942757743298
52 0.943061010644
53 0.943289291293
54 0.943539151008
55 0.943616598955
56 0.943765189077
57 0.943506564438
58 0.944074001393
59 0.943589836804
60 0.943559840029
61 0.943617721642
62 0.944664646605


1_3:
10 0.981558525433
11 0.981577403279
12 0.983157761001
13 0.983108067951
14 0.983136081516
15 0.982982979427
16 0.983150443804
17 0.98304324082
18 0.98318019037
19 0.983141221859
20 0.98400812563
21 0.984052991436
22 0.984089026141
23 0.984214288531
24 0.98415634888
25 0.9842192854
26 0.984130291657
27 0.984263775204
28 0.984615515912
29 0.985328501274
30 0.986418674624
31 0.986517908061
32 0.988297804829
33 0.988450140778
34 0.988337001627
35 0.988482525012
36 0.988500671351
37 0.988535944158
38 0.988624923058
39 0.988488603241
40 0.988638224483
41 0.988884559526
42 0.989167384434
43 0.989085104306
44 0.989250887981
45 0.989362530192
46 0.989303530386
47 0.989349789943
48 0.989331804748
49 0.98959577372
50 0.989546123783
51 0.989642202903
52 0.989611129021
53 0.98957507594
54 0.989561849432
55 0.989656413235
56 0.989776569206
57 0.989647893821
58 0.989691538327
59 0.989672686631
60 0.989807604922
61 0.989777158653
62 0.990223488608
